"baseMean"	"log2FoldChange"	"lfcSE"	"stat"	"pvalue"	"padj"
"ENSG00000001561.6"	2807.68883632429	-0.755094916335809	0.269366657847389	-2.80322339212306	0.005059461130827	0.0416467715422019
"ENSG00000004776.10"	2921.18329738023	1.75467898009281	0.60333882942303	2.90828120870458	0.00363421378506429	0.0319173167056432
"ENSG00000006788.11"	47.3043447684929	5.41159097063387	1.15608077440996	4.68097998895955	2.85506810364149e-06	7.25028218283972e-05
"ENSG00000008282.6"	9718.24799939671	-0.615914987957664	0.194356365269205	-3.16899828366595	0.00152965298434062	0.0162130110378184
"ENSG00000012817.14"	2257.14793435675	30	2.60240595386734	11.5277940996938	9.5560903636125e-31	4.86770379433544e-28
"ENSG00000023516.8"	5504.38177989635	-0.659111122842363	0.161185800364869	-4.08913887793071	4.32977575396505e-05	0.000805449906368643
"ENSG00000030419.15"	1639.15763560161	-0.832551291066986	0.268435364688156	-3.10149630259847	0.00192545276923887	0.0193764767637699
"ENSG00000032219.17"	5245.29096582048	0.687979448149848	0.177542305062707	3.87501698767997	0.000106617261465814	0.00175356538587505
"ENSG00000036530.7"	461.716785598568	1.01553724232856	0.285294663459073	3.559608266119	0.000371408394751228	0.0050549485176397
"ENSG00000038219.11"	10350.3081498345	0.848866487476225	0.152388953773711	5.57039382747351	2.54164162582874e-08	9.71715040126445e-07
"ENSG00000039987.5"	11.4877799280619	2.44977019931182	0.629216873661992	3.89336380166404	9.88637183806117e-05	0.00164068396328828
"ENSG00000047662.4"	215.35125095398	2.45229705538782	0.438049424203732	5.59822001785644	2.16563800980637e-08	8.45697512780981e-07
"ENSG00000048392.10"	3337.28959715552	-0.65438245640376	0.110496635058764	-5.92219352250636	3.17675469913935e-09	1.48244879517532e-07
"ENSG00000048649.12"	9002.85068527553	0.832476387406605	0.151074955567959	5.51035334928248	3.58114068138605e-08	1.33956318490119e-06
"ENSG00000049192.13"	1050.66106752978	0.888901173845575	0.313549064135795	2.83496675805927	0.00458304542168624	0.0384190530775334
"ENSG00000049247.12"	528.431012511188	0.897841945434252	0.248270803554886	3.61638151799739	0.000298749965051503	0.00422371481202202
"ENSG00000054267.19"	9185.69820852514	0.645467571714118	0.139425725249466	4.62947257802834	3.66598267280825e-06	9.0636907794955e-05
"ENSG00000064651.12"	3748.88578723426	-0.706371646997138	0.176445733365875	-4.00333651328603	6.24553655949969e-05	0.00111454351029341
"ENSG00000066230.9"	145.283676527889	-1.20064016837379	0.430362242814637	-2.78983620989011	0.00527347120564067	0.0430449695492166
"ENSG00000067048.15"	2143.95098500868	12.838881115221	2.1928506738095	5.85488162443676	4.77349893670861e-09	2.14454547561236e-07
"ENSG00000067167.6"	24504.5959817343	-0.6058072550878	0.204661114437204	-2.96005060244934	0.00307588515545858	0.0281263226015772
"ENSG00000067646.10"	561.698072046892	25.7187744789843	3.74823612362421	6.86156731612642	6.81090954449092e-12	4.89452873033353e-10
"ENSG00000070182.16"	572.048220389156	0.863732995700349	0.245026341745613	3.52506179354821	0.000423384016748954	0.00561453888673441
"ENSG00000077458.11"	2589.46234848973	-0.860043025803912	0.157921494373918	-5.44601625772074	5.15104304810524e-08	1.8663371244798e-06
"ENSG00000077498.8"	3.14615117861095	2.29203904594547	0.79653429194374	2.87751458929951	0.00400821375605483	0.0345708436459729
"ENSG00000078328.18"	17.4521521064877	1.40060865416186	0.479351483034559	2.92188238428979	0.00347922899145821	0.0309564689972076
"ENSG00000081087.13"	3434.6063789042	-0.619934534237218	0.203890741402204	-3.04052322324096	0.00236167477864631	0.0228056010545723
"ENSG00000082269.15"	1708.74902341554	-0.611748541994222	0.162131198356893	-3.77316980441732	0.000161186502657005	0.00250591475719629
"ENSG00000084093.14"	6348.21318860555	0.649234205107096	0.180357731088223	3.59970266419862	0.000318581255831286	0.00444422776459286
"ENSG00000084628.8"	22.568935499582	2.34328191715883	0.683965852842068	3.42602179249423	0.000612491238208753	0.00761776355801609
"ENSG00000085224.19"	16216.4227077677	1.04742418407844	0.205458385618721	5.09798702508157	3.4328434200201e-07	1.07705462303131e-05
"ENSG00000091656.14"	569.949235797996	1.380184487436	0.438410578040393	3.14815507783855	0.00164304501585953	0.017197097706041
"ENSG00000092054.12"	92.6943679199394	3.2387188622849	1.163717060907	2.78308101778679	0.00538453584785649	0.0437507747356446
"ENSG00000092140.13"	1629.15049815955	-0.590987348087016	0.131836707679453	-4.48272228948511	7.36968102358164e-06	0.000168495717026284
"ENSG00000092377.12"	19.6877009412255	7.8606459004336	2.27048518085407	3.46209962818464	0.000535978709719823	0.00683317670421544
"ENSG00000092853.12"	743.95683178216	0.951244915052291	0.258606718615762	3.67834571407889	0.000234751626793433	0.00344110319461318
"ENSG00000095209.10"	961.49496598634	-0.988268390620573	0.262721931436079	-3.76165166424646	0.000168795019320601	0.00260317091684193
"ENSG00000096092.5"	1683.48990332287	-0.670686567426562	0.123853179279881	-5.41517441317316	6.12289921884082e-08	2.19777184603325e-06
"ENSG00000099385.10"	6188.04543350274	0.906576337666835	0.286762302721018	3.16142090178714	0.00157001452470205	0.016574874461027
"ENSG00000099625.11"	239.480754978743	1.49132283330557	0.51150211561584	2.91557510277361	0.00355033646273866	0.0313795749926873
"ENSG00000099725.13"	947.178735553678	5.58061318279513	1.78988501253787	3.11786128366001	0.00182168521689507	0.0185805455073061
"ENSG00000099834.17"	69.174450982134	1.68744565304171	0.409073718094854	4.12504049612503	3.70669530850605e-05	0.000705453363165015
"ENSG00000100095.17"	44.8989565474059	0.738282630500456	0.245083336459505	3.01237383644988	0.00259213159821315	0.0245116719352736
"ENSG00000100154.13"	6409.30916512134	0.758056587404594	0.27335921015421	2.77311522438535	0.00555224574934246	0.0447460884750405
"ENSG00000100156.9"	119.973099230976	0.946550670940653	0.327869798841497	2.88697121322311	0.00388969816481008	0.0337418895649115
"ENSG00000100387.8"	6466.84374471175	-0.593394883815829	0.153247956638674	-3.87212264901469	0.000107891633952843	0.00177200114597371
"ENSG00000100744.13"	1907.95803781233	-0.679764674169955	0.23751214067681	-2.86202074653073	0.00420949351345734	0.035904564471592
"ENSG00000101166.14"	4625.33221999523	-0.597439167669037	0.214337547604647	-2.78737521421601	0.00531369146132005	0.0432868402721552
"ENSG00000101470.8"	116.955250610142	2.0657843696651	0.643420718370284	3.21062768214476	0.00132445414350519	0.0143678179213069
"ENSG00000101888.10"	2168.77624052852	-0.599986882565352	0.204441066368919	-2.93476693905843	0.00333798300565108	0.0299536412823166
"ENSG00000102471.12"	4003.62461056545	-0.644438354190359	0.169721919297472	-3.79702490319384	0.000146443082615479	0.00230149523395416
"ENSG00000104221.11"	1945.90927006141	-0.818093105097519	0.107208481839853	-7.63086176632533	2.33189616472406e-14	2.34802963237535e-12
"ENSG00000104427.10"	2024.8539744315	-0.911332467177911	0.147055293344222	-6.19720954243175	5.7472965054609e-10	2.98463053007728e-08
"ENSG00000104497.12"	889.325559189801	-0.774694451073343	0.175823551290273	-4.40609034107367	1.05253079807077e-05	0.000229871133566049
"ENSG00000104833.9"	75.2764515918063	1.26429913424148	0.248082597255544	5.0962830453567	3.46387114213596e-07	1.08482430941506e-05
"ENSG00000104848.1"	9.45416366267171	1.9485530705514	0.555436711575779	3.50814598664775	0.000451241356691149	0.005931726039115
"ENSG00000104879.4"	461.752852052935	2.93930219495918	0.815870920757821	3.60265591060533	0.000314982359629512	0.00440868093114286
"ENSG00000104941.6"	5.88705738153534	2.65524574615023	0.850796425836049	3.12089433561149	0.00180302716722821	0.018471829345889
"ENSG00000105392.14"	7.89129067491486	-3.2851216216626	0.778605815726142	-4.21923591541484	2.45131666687777e-05	0.000488542616267619
"ENSG00000105464.3"	211.788810615618	1.1591842368909	0.337749321436106	3.43208457669749	0.000598960734560928	0.00749252507176649
"ENSG00000105605.6"	7.94677103268787	5.77724882857491	1.28983448732285	4.47906214739694	7.49717055907199e-06	0.000170846706463905
"ENSG00000105855.8"	1440.52169767347	-0.857234764758091	0.301986065215065	-2.8386566914854	0.00453038701169315	0.0380697586877796
"ENSG00000105866.12"	1252.31929717592	-0.675983065116555	0.213507105925046	-3.16609164921127	0.00154502106103759	0.016351677811614
"ENSG00000105988.6"	10.8354857262351	1.39228100090677	0.485875673369401	2.86550876534263	0.00416339746694019	0.0355655477161944
"ENSG00000106460.17"	5383.72941024351	-0.624568377525104	0.174845168695212	-3.57212259386957	0.000354099570442025	0.00485946946155739
"ENSG00000106701.10"	1134.67316212196	-0.929472982000858	0.323820995557454	-2.87032957946652	0.00410044162544291	0.0351417085278439
"ENSG00000107890.15"	3414.27357193531	1.29199155636627	0.197893739339652	6.52871364540128	6.63369382826059e-11	4.06686525350956e-09
"ENSG00000108106.12"	4363.40585292869	0.75143358728117	0.189185067375195	3.97194978285953	7.12867495955541e-05	0.00125024325695737
"ENSG00000108785.7"	52.755052843852	-1.31896891061923	0.372235912087418	-3.54336824521508	0.000395050653726231	0.00529557451384257
"ENSG00000109061.9"	251.028738584666	8.28464454545742	2.07318161774833	3.99610167991713	6.43940847741403e-05	0.0011461882365913
"ENSG00000110422.10"	8655.62649955626	-0.634693694232917	0.173541838037637	-3.65729498667213	0.000254890982454657	0.00368793393912464
"ENSG00000110427.13"	191.066013639496	2.0012370443564	0.626430020705589	3.19466976072168	0.00139990926601996	0.0150673026466466
"ENSG00000111325.15"	2796.87460985923	-0.64288656607734	0.205173791160549	-3.13337567357363	0.00172808109584404	0.0178945509709554
"ENSG00000111711.8"	3245.10820656643	-0.625670908489345	0.196540424308631	-3.18342097148851	0.00145545838178947	0.0155551272534476
"ENSG00000112739.15"	13300.3002528162	0.618549457824618	0.168064706733202	3.68042446179107	0.000232846031362199	0.00342252158136883
"ENSG00000112761.17"	46.3418545448802	-0.783671358040116	0.243812760897495	-3.21423437869026	0.00130792864281599	0.0142245993495441
"ENSG00000113262.13"	163.818414743622	0.902852874260963	0.283886813125565	3.18032692086203	0.00147108987658215	0.0157028077488605
"ENSG00000113520.9"	3.94868953038435	-2.34071298044494	0.726950310162346	-3.21990780899756	0.0012823182770731	0.0140249259492448
"ENSG00000113638.11"	1327.69532182169	-0.602955587403543	0.155237291656453	-3.88408984059005	0.000102713925629892	0.00169661657413838
"ENSG00000114331.11"	5543.73181515626	-0.619230879931235	0.17249650699726	-3.58981692273381	0.000330910289598077	0.00458618930159166
"ENSG00000114374.11"	980.801084709343	13.2424263565476	2.45001592157403	5.40503685708291	6.47950677683393e-08	2.31856565842948e-06
"ENSG00000114786.14"	168.509249159285	-1.90575277689404	0.602656002985403	-3.16225635761268	0.00156551678661245	0.0165324300166714
"ENSG00000115266.10"	197.219696690135	1.63224319167308	0.382721540942858	4.26483230510608	2.00052397693476e-05	0.000409056372568277
"ENSG00000115271.9"	3000.93426466415	-0.857909788989786	0.230396140637251	-3.72362916590921	0.000196379317074307	0.00294512333432999
"ENSG00000115295.18"	2211.16827773211	-0.732595233961744	0.181770142890211	-4.03033865910657	5.56965483856571e-05	0.00100742404333284
"ENSG00000115355.14"	10156.8286840355	0.642693766918875	0.205683285337198	3.12467668855659	0.00178000584697302	0.0182900749117328
"ENSG00000116035.2"	42.4462799698483	1.34660970039767	0.464809024023585	2.89712469164398	0.00376600039788734	0.0328498417985448
"ENSG00000116652.6"	38.2759746989537	0.931018017136306	0.336484796559724	2.7668947502389	0.00565930227831529	0.0453034847488836
"ENSG00000116748.18"	10.9408684207326	4.2432959022566	1.13570192771266	3.73627604102313	0.00018676563861949	0.00282373993474548
"ENSG00000117242.7"	1315.58274907845	0.704487062138436	0.166884909201923	4.22139464561197	2.4279542872542e-05	0.000484444012683819
"ENSG00000117523.14"	26595.6461778005	0.599207384312863	0.169049467678469	3.54456830028328	0.000393256602160317	0.00527560890225758
"ENSG00000117691.8"	3968.5785426503	0.626398185461554	0.220573015693887	2.83986771224488	0.00451322457574131	0.0379531616544131
"ENSG00000118407.13"	3619.87849208943	0.940112308606506	0.30485272574437	3.0838245133318	0.00204358099662629	0.0202475854007842
"ENSG00000119004.13"	4949.01971421358	0.747150535630223	0.190609057036796	3.91980605352865	8.86202565007446e-05	0.00149564729997502
"ENSG00000119737.5"	168.114259609693	1.58066056574942	0.168390912897663	9.38685193012789	6.18203360383062e-21	1.25224140333032e-18
"ENSG00000120068.6"	41.7214976294299	2.78363853374593	0.709041704403801	3.92591651020944	8.64001226068904e-05	0.00146394310369467
"ENSG00000120094.6"	8.2221763882945	2.36453682287273	0.608126420089713	3.88823235557486	0.000100976936798885	0.00167271120843604
"ENSG00000120159.10"	2471.28574677315	-0.600234363627678	0.152620017954047	-3.93286786146497	8.39383846414273e-05	0.00142942859744826
"ENSG00000120215.8"	53.6668361943505	1.41338456841688	0.2527477146563	5.59207655087554	2.24369850651221e-08	8.71269381934639e-07
"ENSG00000120555.12"	30.1214270922203	-1.13613367326995	0.367746448327431	-3.08944839151342	0.00200528542129185	0.0199537708769626
"ENSG00000120992.16"	6275.47645272144	-0.719052332783022	0.259598432491646	-2.76986392360501	0.00560797163631366	0.045090278908689
"ENSG00000121905.8"	54.0786593548173	-1.47869870990981	0.478822777219486	-3.08819626020421	0.00201375431553769	0.0200265351655453
"ENSG00000122180.4"	3.25768733606539	3.16272686819296	1.03639878092713	3.05165050981987	0.00227586916956298	0.0221429483950737
"ENSG00000122483.16"	772.601341718315	0.676421795003205	0.195793491232703	3.45477161035588	0.000550759155037746	0.00698286808645587
"ENSG00000122691.11"	219.974029427962	1.05076384240335	0.340084396528412	3.0897149446713	0.00200348679190846	0.0199473341472047
"ENSG00000122718.5"	4.5581213371156	5.47224253059547	1.28875329801384	4.24615210609278	2.17473023472774e-05	0.000439744926272619
"ENSG00000123009.4"	17.1397653636779	1.25106482667301	0.44982479939658	2.7812268873376	0.0054153875032879	0.0439190335609661
"ENSG00000123200.15"	11848.9107680915	0.698581584727937	0.15076902715461	4.63345554396631	3.59612011855306e-06	8.91642152229356e-05
"ENSG00000123219.11"	1048.36124037469	-0.793829892039058	0.287451204528778	-2.76161616139474	0.00575160524858814	0.0458541148885156
"ENSG00000123636.16"	7025.17427442851	0.645278035706653	0.162296227699915	3.97592750522685	7.01054810603382e-05	0.00123327255102488
"ENSG00000123965.13"	87.2794270602003	-0.616577422358507	0.197637438288559	-3.11974000319857	0.00181010733052485	0.0185224513189719
"ENSG00000124171.7"	1688.31410449767	-0.710753799487622	0.139695970884279	-5.08786184016999	3.6212301753019e-07	1.12495220459289e-05
"ENSG00000124194.14"	13.6779206123714	1.68880268327147	0.464179101003541	3.63825661176975	0.000274489860155992	0.00392559032868838
"ENSG00000124208.16"	103.240623885109	-2.65388052473158	0.860311411459615	-3.08479056465028	0.00203695534027826	0.0202036315065771
"ENSG00000124253.10"	13.1980729379445	2.43699961261872	0.729801086377231	3.33926553153833	0.000840002290495974	0.00990670729935293
"ENSG00000124701.5"	96.2300418810797	0.826560148346852	0.226514582776151	3.6490372417377	0.000263224946460677	0.00379109592328688
"ENSG00000124835.2"	4.06896198915778	3.36923934957075	0.97010992841499	3.47304903380956	0.000514581333703599	0.00661448471324638
"ENSG00000125414.17"	243.134588177743	8.15453386708445	1.7699731626968	4.60715113593014	4.08223296033803e-06	9.98823948507792e-05
"ENSG00000125551.17"	159.533032036181	-1.76194934547983	0.407498381341957	-4.32381924972917	1.5335095407612e-05	0.000320952891074842
"ENSG00000125954.11"	74.3876935984102	-1.77603115178761	0.308979828902116	-5.74804885515763	9.02791565561108e-09	3.84163319998841e-07
"ENSG00000127362.2"	1.96842738169	5.17862731521492	1.58041165886438	3.27675848641617	0.00105006147036576	0.011905737875787
"ENSG00000127364.3"	121.58634776975	0.61628259793504	0.214444815955451	2.87385169554794	0.00405499323861523	0.0348638173853021
"ENSG00000127528.5"	6437.42616908161	1.23435722731029	0.335388976508067	3.68037506826227	0.000232891141731229	0.00342252158136883
"ENSG00000127589.4"	74.9140641285593	1.54117490158589	0.316817520543296	4.86455073236796	1.14717080918252e-06	3.1890611949008e-05
"ENSG00000127914.15"	22387.7825607567	0.857174143531644	0.161345260374659	5.3126701183611	1.08030496044839e-07	3.6757959941072e-06
"ENSG00000128617.2"	27.6695055598753	-2.06428873321647	0.396111987175012	-5.21137658049319	1.87444524570706e-07	6.11941888980216e-06
"ENSG00000128692.8"	198.503365027694	1.53356261928408	0.272170105049177	5.63457408008492	1.7549151284698e-08	7.06001744714715e-07
"ENSG00000128791.10"	5707.44986959813	-0.662990995567414	0.186668379233971	-3.55170489125219	0.000382743870350924	0.00517264228685732
"ENSG00000129038.14"	5798.87489385044	1.58894256975303	0.502810791894955	3.16012025868567	0.00157704031751779	0.0166389042090104
"ENSG00000129159.6"	24.1827366651982	1.14193078804365	0.354712773095285	3.21931115724693	0.00128498966934132	0.0140452736404685
"ENSG00000129170.7"	8.66522632006214	3.42434854399631	1.15708296880133	2.95946672479654	0.00308171980700665	0.028164804927466
"ENSG00000129204.15"	507.571174210214	-0.799869222416697	0.285865475449448	-2.7980616447618	0.0051410299787774	0.0421678892741869
"ENSG00000129824.14"	6714.79550413118	29.5957829497751	3.74811225293754	7.89618371930557	2.87572711501843e-15	3.23407259123403e-13
"ENSG00000130119.14"	1658.45015903172	0.846618913536576	0.19150404860055	4.42089302927741	9.82938271205151e-06	0.000216446381678347
"ENSG00000130522.5"	17118.6655302596	1.08784477983444	0.368342528273348	2.95335101524619	0.00314344301991802	0.0286408751792711
"ENSG00000130643.7"	30.5342787207703	0.928669634781406	0.268486058255677	3.45891194803509	0.000542362179771047	0.00689913374326461
"ENSG00000130748.6"	1742.83853181087	1.32534012094585	0.294556813640005	4.49943800168082	6.81333465647137e-06	0.000157333523887237
"ENSG00000130818.9"	2192.3951407533	0.660611793415856	0.178311490520966	3.70481897428916	0.000211541754745484	0.00314479969994595
"ENSG00000130943.6"	36.6952644198868	1.11930657044135	0.257778614080209	4.34212347069672	1.41112188467008e-05	0.000297676247510367
"ENSG00000131002.10"	1078.88392294635	27.1354619807551	3.74814874491551	7.23969720186939	4.496875826096e-13	3.79909231376374e-11
"ENSG00000131152.4"	82.3864608324437	-0.959595027126547	0.33349661771877	-2.87737558986505	0.00400997996144152	0.0345774672403315
"ENSG00000131730.14"	83.1994283893045	0.990773593858454	0.361694980851133	2.739251707411	0.00615792082623569	0.0482684004478732
"ENSG00000131885.15"	10.3601517483719	-1.84232214074115	0.608438408293302	-3.02795174602628	0.00246217399647067	0.0235593322899865
"ENSG00000131914.9"	5.93663747449941	1.82868298472022	0.620047648933984	2.94926202504626	0.0031853378425524	0.0289210307183041
"ENSG00000132207.16"	3164.09757967777	-1.03704527387461	0.210727506578739	-4.92126201610569	8.59879185016067e-07	2.47997462203052e-05
"ENSG00000132356.10"	7075.0816135657	-0.581534839588724	0.145796521257022	-3.98867431523655	6.64435695088649e-05	0.00117488343910586
"ENSG00000132405.17"	6968.0206455288	-0.631633862867324	0.15060300076471	-4.19403238753615	2.74038829059816e-05	0.000538104136109633
"ENSG00000132432.12"	2800.8219960754	-0.654605276934712	0.132398047668787	-4.94422152335888	7.64487345860112e-07	2.2289825493184e-05
"ENSG00000132763.13"	1126.84523369481	0.761455973848687	0.182482017277231	4.17277266664508	3.00915149956119e-05	0.000584254426243277
"ENSG00000132846.5"	3666.05445630432	0.770890977459422	0.175730925426025	4.38676900830374	1.15046854636448e-05	0.000247977159358886
"ENSG00000132967.9"	2989.15313651806	-1.7307370916992	0.163497893482477	-10.5856843463533	3.47234016746486e-26	1.17916586981027e-23
"ENSG00000133020.4"	15.2362380819638	7.67174284375494	1.75964831667997	4.35981597631375	1.30171866317969e-05	0.00027729969898658
"ENSG00000133124.11"	31.3532922088073	1.54345117243975	0.379463724096499	4.06745381555168	4.752962468915e-05	0.000873848800415487
"ENSG00000133136.4"	8.85985117001626	2.94871985217988	0.658751374507715	4.47622572990221	7.59741581881415e-06	0.000172697773607591
"ENSG00000133226.15"	14621.3156959084	0.610798049471045	0.108664098133191	5.62097380794882	1.8988406256631e-08	7.52650402951476e-07
"ENSG00000133657.13"	5825.62738660905	-0.766485036753001	0.185850206992568	-4.1242086794321	3.72011505707046e-05	0.000707618590592018
"ENSG00000133731.8"	2440.16617518997	-0.788584891454272	0.202461400574414	-3.89498881869302	9.82032597480277e-05	0.00163066371579683
"ENSG00000133937.4"	5.38330104713669	2.67659273799906	0.750720708802594	3.56536419818263	0.000363351268288975	0.00496088341781377
"ENSG00000134184.11"	2565.49382326223	10.9119323575118	1.92890291025675	5.65706666700986	1.53981963694668e-08	6.27485559818342e-07
"ENSG00000134602.14"	2403.10845431737	-0.644752416662029	0.22582262381892	-2.85512764734783	0.00430195347449868	0.0365223197180601
"ENSG00000134612.10"	32.073147767166	-1.19126412575919	0.280897886095898	-4.24091523904348	2.22610196157713e-05	0.000448822582916815
"ENSG00000134825.12"	5586.27423471718	-0.761397376928134	0.156418399529814	-4.86769701784992	1.12906251056052e-06	3.15085934316453e-05
"ENSG00000134970.13"	7499.889120108	-0.655643567351571	0.20234970492312	-3.24015084479946	0.0011946648178347	0.013250852777631
"ENSG00000135002.10"	2625.11845463643	-0.648947125977576	0.183318326439076	-3.5400013658386	0.000400124961224783	0.00536151969319305
"ENSG00000135312.5"	7.55728773741712	3.33696186394296	0.716763861960889	4.65559445870199	3.23047255081839e-06	8.13205728308484e-05
"ENSG00000135976.15"	2637.14646602022	1.17175094623012	0.232751994591372	5.03433256624626	4.79516578008389e-07	1.46468211896425e-05
"ENSG00000136243.15"	3100.34633117716	-0.594918074251653	0.162218824895467	-3.66738000127307	0.000245048487929472	0.00356039829064641
"ENSG00000136531.12"	30.9875634331104	1.04898687809653	0.35634653328709	2.94372690655983	0.00324286009585204	0.029266854611809
"ENSG00000136603.12"	5241.37578147335	-0.705751628266844	0.173285411572245	-4.07277001487575	4.64572930385576e-05	0.000857318975103653
"ENSG00000136732.13"	6883.76078658584	0.650401328919857	0.237075938452333	2.74343036735728	0.00608009417504765	0.0477989791273946
"ENSG00000136783.9"	3377.33446960674	-0.666356240555009	0.12463457668115	-5.34647975143956	8.96813085187077e-08	3.106381164471e-06
"ENSG00000136810.11"	10896.5450297074	-0.596205688243574	0.212331533645543	-2.80789988188403	0.00498657270085542	0.0411936334872955
"ENSG00000137285.9"	635.41140868657	0.92575767340303	0.259637174877581	3.56558213915062	0.000363049430808517	0.00495871694966302
"ENSG00000137878.15"	591.67307957346	1.79295832109681	0.517457772111873	3.46493649864278	0.000530356693154536	0.00678128281191836
"ENSG00000138079.12"	111.557757740603	0.776027683755667	0.227553500996756	3.41030869820249	0.000648893882124372	0.00799018353680199
"ENSG00000138448.10"	7299.65346337346	-0.594570114337244	0.19117912867327	-3.11001581848079	0.001870773249041	0.0189584095378239
"ENSG00000138653.8"	5.13891034419356	1.75695214369482	0.641462019779984	2.7389807806508	0.00616299761178203	0.0482863404833535
"ENSG00000138660.10"	2478.82909444644	-0.739316107030421	0.168798917983932	-4.37986283241932	1.18754036760693e-05	0.00025564961624095
"ENSG00000139163.14"	7806.98967285697	-1.00735576809478	0.168062739216905	-5.99392686795775	2.04833516122506e-09	9.84053166636804e-08
"ENSG00000139239.7"	145.183117585503	0.777571290603737	0.182107856776449	4.2698393378945	1.95613824499606e-05	0.000401164692304165
"ENSG00000139797.7"	8.21742574543792	2.02431612512957	0.593336673757542	3.41174954231259	0.000645473904029389	0.00795655697073665
"ENSG00000139908.13"	178.529138081364	0.731924593952119	0.265887346097532	2.75276204262702	0.00590948321464061	0.0468082962700026
"ENSG00000139921.11"	5933.50646374634	-0.702941283760217	0.201345997569067	-3.49121061380467	0.000480837046439877	0.00625901300811141
"ENSG00000140323.5"	116.992834424804	1.1055626466938	0.278612018563891	3.96810824024187	7.24454300702578e-05	0.00126735596301696
"ENSG00000140557.10"	64.2855005233121	1.39163377010286	0.392128553995497	3.54892230092184	0.000386811199772511	0.00521540145493197
"ENSG00000140675.11"	552.955845219551	-1.39134480420126	0.221224582975138	-6.28928659505089	3.18928201388698e-10	1.72340640244956e-08
"ENSG00000140836.13"	8331.3547588692	0.684535056955712	0.171615598269825	3.98876945835333	6.64169300099158e-05	0.00117488343910586
"ENSG00000141027.19"	17340.7767933483	0.604586150194606	0.111375988345932	5.42833477101701	5.68822710552722e-08	2.05238344251304e-06
"ENSG00000141028.6"	20.2621851520882	-1.81986184555727	0.402560808288516	-4.5207129161291	6.16317220723682e-06	0.000144145819658521
"ENSG00000141837.17"	572.137818762419	0.957014075263505	0.290429294590638	3.29517060809042	0.000983619426648788	0.0113116234064611
"ENSG00000141905.16"	20568.4275085618	0.920854967810085	0.308767620945395	2.98235600284311	0.0028603917124453	0.0265696562444839
"ENSG00000141965.4"	2676.96990490124	1.34510584116373	0.23946800584296	5.61705868150853	1.94235471435766e-08	7.68028340136081e-07
"ENSG00000143631.10"	34.9999931572955	1.6814216923747	0.585788714369973	2.87035521703947	0.00410010914196987	0.0351417085278439
"ENSG00000143858.10"	210.768416737264	0.995067434805908	0.285204558947094	3.48896047973235	0.000484902834241257	0.00630246317915523
"ENSG00000144339.10"	97.6851175064121	3.9458778724511	0.549194046108009	7.18485187597075	6.7280088674717e-13	5.52238794197831e-11
"ENSG00000144366.14"	2331.68121980357	-0.681607471299159	0.201885318761711	-3.3762111850425	0.000734914853972045	0.00886967969055181
"ENSG00000144426.17"	979.833248372313	0.972119754053199	0.129188633965874	7.5248086786798	5.27975776668169e-14	5.05194059453924e-12
"ENSG00000144674.15"	11596.519927865	0.950350425322345	0.211585232787723	4.49157255825979	7.06992062651589e-06	0.000162284897721178
"ENSG00000144785.7"	1204.65897338996	-0.666421255429251	0.22705613209773	-2.93505068227978	0.00333493211523277	0.0299417777624243
"ENSG00000144868.12"	1544.87989755971	0.738255150664748	0.261561924729276	2.8224870704284	0.00476527434495536	0.0397159703466227
"ENSG00000145721.10"	37.717467292323	1.78381915718411	0.636336497934152	2.80326393814471	0.0050588250573607	0.0416467715422019
"ENSG00000146049.1"	32.0730241892666	1.53846662536314	0.377772602062346	4.07246744990055	4.6517702658602e-05	0.000857976669163289
"ENSG00000146677.7"	177.46075647773	2.8128173371348	0.306511871088342	9.17686263552287	4.4383391786071e-20	7.92449445714396e-18
"ENSG00000147127.7"	22.3979466839279	-1.07131601360034	0.366133298282757	-2.92602726554794	0.00343320846323723	0.0306335586681121
"ENSG00000149452.14"	16.0030533884122	3.44561085821242	0.835663244799858	4.12320498676192	3.73636909930078e-05	0.000710320268175524
"ENSG00000149609.5"	112.062099141076	0.842739409055754	0.273235747594205	3.08429411772044	0.00204035775229482	0.0202272214722347
"ENSG00000150627.14"	349.050451266488	-0.609271076843286	0.161988435887075	-3.76120106047583	0.00016909943322221	0.00260438691327298
"ENSG00000150967.16"	1213.59427014403	0.813778900427046	0.180248843180398	4.51475241709369	6.33907788379554e-06	0.000147761089999266
"ENSG00000151151.5"	1088.47320356282	-0.897655349303546	0.221616106788581	-4.05049688089637	5.11089909318608e-05	0.00093321730516489
"ENSG00000151229.11"	1026.32253012357	-0.696273011906949	0.166137806015313	-4.19093660020267	2.77805286113102e-05	0.000544882191414814
"ENSG00000151846.8"	445.741561493076	5.26057860052386	0.691857158537635	7.60356171155769	2.88089777678807e-14	2.84297826758932e-12
"ENSG00000151881.13"	1059.51773861665	-0.89724553370286	0.167345189478991	-5.36164521069487	8.246739056427e-08	2.88244750188212e-06
"ENSG00000152104.10"	4728.39144741804	0.596002303242973	0.18506006003336	3.22058851129484	0.00127927682585123	0.0140049275264965
"ENSG00000152217.15"	3200.22049152681	0.899984779291737	0.315012880538553	2.85697771390524	0.00427695866695117	0.0363368394176735
"ENSG00000152332.14"	8944.5374726064	-0.616944441898604	0.211553092641143	-2.91626293048397	0.00354251825510784	0.0313264608936496
"ENSG00000152404.14"	3849.50496129395	0.608906849381444	0.156429915039366	3.89252176751622	9.9207595076695e-05	0.0016449749536939
"ENSG00000152977.8"	4.54976077583351	5.01051751744499	1.41113789311767	3.55069305549941	0.00038421822977318	0.00518649689901926
"ENSG00000153086.12"	16.6156629097318	1.26536164429253	0.398223238092672	3.17751834461771	0.0014854129254253	0.015821566085757
"ENSG00000154027.17"	155.240364543537	0.869689990894826	0.288307648991861	3.01653457317525	0.00255682058729975	0.0242439505893481
"ENSG00000154198.13"	18.9294404298587	-1.3375272915644	0.339719257215244	-3.93715476281332	8.24534330407558e-05	0.0014103812413164
"ENSG00000154493.16"	16.3784255392284	4.31314899509693	1.14824337757886	3.75630208657633	0.000172442525243606	0.00264646175870094
"ENSG00000154642.9"	2499.62202997119	-0.618777655974693	0.209515958288025	-2.95336766244817	0.00314327348814048	0.0286408751792711
"ENSG00000154874.13"	355.461247803854	3.13276797010431	0.330162221958411	9.48857186482992	2.34221056134196e-21	4.97726928980139e-19
"ENSG00000154898.14"	22.3080684327529	2.0321886995493	0.452994850783804	4.48611876279182	7.25323215343471e-06	0.000166052515089671
"ENSG00000154997.8"	2.15877136748732	-3.29037829822632	1.14102026156166	-2.88371592431052	0.00393013109016691	0.0340159621942032
"ENSG00000155970.10"	992.478749698545	-0.777290173160748	0.255391255681085	-3.04352696449159	0.0023382248538321	0.0226296262886382
"ENSG00000156150.6"	24.0391396284341	4.2588967343871	0.550804386793142	7.73214018715969	1.05753392267063e-14	1.10002582623019e-12
"ENSG00000156427.7"	1234.25778629889	1.44569141915512	0.478475456429023	3.02145366022462	0.00251564142647104	0.0239518382985442
"ENSG00000156959.8"	18.7165526743711	1.68896473964593	0.456702850694186	3.69816990868069	0.000217159515303351	0.00322002195679686
"ENSG00000157021.9"	48.3797083848217	0.808614448146952	0.265907935590119	3.04095643611548	0.002358279490639	0.0227791648066798
"ENSG00000157107.12"	3197.64871095137	-0.77298465709019	0.202767745434456	-3.81216773621451	0.000137753338955248	0.00218775798016134
"ENSG00000157542.9"	76.1054029507853	1.26304373960453	0.364652680531863	3.46368971636881	0.000532820722701524	0.006802743897138
"ENSG00000157992.11"	1581.15785076979	-0.646732149922379	0.177578772568551	-3.64194515238424	0.000270585731833713	0.0038809724965864
"ENSG00000158201.8"	2635.18266842375	-0.609532622453695	0.210500909371451	-2.89562940261751	0.00378398982372903	0.0329781793681072
"ENSG00000159650.7"	34.5504769461475	-1.89305623279005	0.449092453811362	-4.21529290177122	2.4945421736278e-05	0.00049687148826981
"ENSG00000159905.13"	66.1945488997815	1.08817876879913	0.231531358192256	4.69991960179986	2.60263934633349e-06	6.6531528913874e-05
"ENSG00000160221.15"	3522.49635283562	3.00647069664782	1.02321725903664	2.93825252662218	0.00330068052955592	0.0297035521389343
"ENSG00000160229.10"	104.478694144808	0.638491016037009	0.145353411331574	4.3926799528668	1.11961888280338e-05	0.000242232097829754
"ENSG00000160352.14"	990.238553736502	1.01419331000449	0.283635676554537	3.57569020344831	0.0003493051037412	0.00480700444314171
"ENSG00000160683.4"	2325.68113712553	-1.46042060467276	0.429840806719505	-3.39758483104134	0.00067983506532116	0.00832677757871087
"ENSG00000160716.4"	50.1716965275461	0.97673600577116	0.244818235723711	3.98963746668549	6.61743592222402e-05	0.0011738867461844
"ENSG00000160951.3"	845.095620347432	2.23222992117884	0.668026120038237	3.3415308985988	0.000833177423969942	0.00984633217723332
"ENSG00000161133.15"	298.200311260361	-5.27328505081856	0.45814564482036	-11.5100625978584	1.17393159631437e-30	5.81212120419959e-28
"ENSG00000161813.19"	4388.39382835303	-0.58917757230805	0.202465952083133	-2.91000815814272	0.00361419322035683	0.0318060022273171
"ENSG00000162391.10"	18.66416116275	-1.52242656487491	0.437240150736001	-3.48190019217639	0.000497869223249251	0.00642997544925711
"ENSG00000162520.13"	967.199212116584	1.29062077329801	0.18195340715582	7.09313880664379	1.31103838282338e-12	1.02278710595127e-10
"ENSG00000162687.15"	457.082288705627	-0.849993648503647	0.193046543418067	-4.40305033933126	1.06739386409469e-05	0.000232530746317685
"ENSG00000162688.14"	2279.24781352073	-0.676091545723159	0.145488314117309	-4.64705051965904	3.36714725304215e-06	8.42102863183207e-05
"ENSG00000162728.4"	5.27044021444098	1.99267838638642	0.725971125921692	2.74484523589904	0.00605394402424559	0.0476385269047034
"ENSG00000162947.4"	42.1194818074076	1.21087514066687	0.395027608681022	3.06529243540703	0.00217457258992885	0.0213318735117405
"ENSG00000163064.6"	6.48020589408698	4.66555161025751	1.41540461924251	3.29626705101077	0.000979788317524382	0.0112787995155897
"ENSG00000163357.9"	34.9716732693509	-1.1456266760336	0.33920291474473	-3.37740811247376	0.000731723961515626	0.008834246977685
"ENSG00000163743.12"	2301.02174118355	-0.581692762745531	0.166838159675879	-3.48656904317095	0.000489259074364257	0.00634109650489486
"ENSG00000163806.14"	134.434387237499	-0.700352821081318	0.209721515089826	-3.33944192984373	0.000839468999727589	0.00990670729935293
"ENSG00000163833.7"	12.458003813358	1.51406176876924	0.508639318762243	2.9766903833814	0.00291378107219942	0.0269931930406107
"ENSG00000163888.3"	13.5308407847818	2.44292901918231	0.652149760560437	3.74596322335982	0.000179702918293694	0.00274088493344648
"ENSG00000163915.6"	38.3125393453793	0.891038795728129	0.223279948676847	3.99067986627733	6.58841616007522e-05	0.00117030543052659
"ENSG00000164023.13"	2931.72004598736	-1.04923415375808	0.2966569359565	-3.53686034804841	0.000404913709620054	0.00540955713021304
"ENSG00000164053.16"	922.397711651254	0.88530050005062	0.0917301362854061	9.65114122687145	4.86116922173397e-22	1.09338428248326e-19
"ENSG00000164061.4"	337.669385762951	0.584830684915337	0.130922910502691	4.46698505761767	7.93296684337768e-06	0.000179361687676838
"ENSG00000164105.3"	895.737333605758	0.617689887628192	0.198367977901534	3.11385887058244	0.00184657793157626	0.0187516172365695
"ENSG00000164187.6"	1561.08721701979	-0.586727221259637	0.187868908903855	-3.12306716786173	0.00178976898032851	0.0183685979083316
"ENSG00000164713.8"	14220.1886365727	0.608720301585563	0.162700378587917	3.74135762232805	0.000183028856916239	0.00278059366046696
"ENSG00000164756.11"	65.9601748672993	1.92924463201625	0.526644640160111	3.6632759263053	0.000249010050304851	0.00361038514962722
"ENSG00000165028.10"	215.486578393538	-0.794910161662572	0.165898152939843	-4.79155522575839	1.6549345312303e-06	4.43681287095627e-05
"ENSG00000165115.13"	802.83819317759	0.61664566981928	0.220582978431959	2.79552699035429	0.00518151750064056	0.0424247957913782
"ENSG00000165121.10"	145.202277738657	-0.871301357416746	0.179795772440704	-4.84606142618896	1.25936538863122e-06	3.47308107734143e-05
"ENSG00000165246.11"	419.43420805309	24.564855002409	3.74824352517877	6.55369770864539	5.61295343113777e-11	3.49678922567896e-09
"ENSG00000165389.6"	6175.2994011099	-0.877724854490654	0.193687622432657	-4.53165175692023	5.852427121509e-06	0.000137902292948863
"ENSG00000165409.14"	71.898868234139	0.840663863023683	0.267338982789969	3.14456146369098	0.00166335965880733	0.0173645123151803
"ENSG00000165462.5"	5.00498031486841	3.87623653890884	0.938796356683845	4.12894288661394	3.64434906723323e-05	0.000694732872816866
"ENSG00000165496.4"	82.6131586982784	10.3720929327257	1.11277323008428	9.32094037878687	1.15313679587513e-20	2.27826469160669e-18
"ENSG00000165521.14"	718.112110266622	-0.634705635134722	0.184955292934914	-3.43167056786028	0.000599875766972625	0.00750126238859126
"ENSG00000165566.12"	137.783048548416	2.65858034752778	0.877203287280705	3.03074599249311	0.00243950378550305	0.0233811655014539
"ENSG00000165832.5"	1770.63622137182	-0.594562575709623	0.142080521939306	-4.18468744057407	2.85558738124853e-05	0.000558175325058173
"ENSG00000165874.11"	209.018731661004	-0.757951512288611	0.149287128357875	-5.07713907170635	3.83160423644855e-07	1.18499203162594e-05
"ENSG00000166002.5"	2217.8594502753	-0.738129906730002	0.212115506246242	-3.4798488794738	0.000501696685704303	0.00647457891185755
"ENSG00000166004.13"	1696.18003750618	0.672896658719015	0.134129636789486	5.01676344486874	5.2549203291514e-07	1.58969371494451e-05
"ENSG00000166046.9"	878.826731343114	0.595446195821625	0.200650221255565	2.96758305122033	0.0030015118241009	0.0276139087817283
"ENSG00000166317.10"	77.3221813413347	1.97596367236435	0.308333144480034	6.40853475449928	1.46924790189654e-10	8.3703632937323e-09
"ENSG00000166748.11"	143.638404025671	1.15797352826606	0.370094664006849	3.12885767043815	0.00175487289179296	0.0180908592934299
"ENSG00000166800.8"	21.3805096400196	1.1619883757591	0.362045371603633	3.20951037327787	0.00132961248868007	0.0144192602952099
"ENSG00000166803.9"	985.455367712565	-0.585814553051992	0.193715914015206	-3.02409100475868	0.00249381410310925	0.0238094633140844
"ENSG00000166971.15"	4222.65812848632	-0.626906250387807	0.172346733398728	-3.63747103310305	0.000275328145247158	0.00393275019854844
"ENSG00000167414.4"	12.6313080312027	-2.29209177850011	0.613425409281743	-3.73654521612319	0.000186565913130191	0.0028219520082985
"ENSG00000167617.2"	2435.86365068955	1.66367012634902	0.531252071547724	3.13160214416137	0.00173855297279866	0.0179761187677015
"ENSG00000168255.17"	6806.61369838153	0.740893921758579	0.271386247385875	2.73003488163174	0.00633276245489145	0.0493174782378938
"ENSG00000168298.5"	37.3373843040177	3.58491789601326	0.558191661427474	6.42237808935641	1.34161686966593e-10	7.71942277931704e-09
"ENSG00000168530.14"	22.0672312300761	4.78351368923439	1.45115020058414	3.29636014749462	0.000979463663954917	0.0112787995155897
"ENSG00000168852.11"	48.1918572275976	-0.953236478156206	0.251277505485607	-3.79356073403397	0.000148502286949125	0.00232962962651439
"ENSG00000168916.14"	6472.08130948804	0.798566402476458	0.23690707188131	3.37080018817057	0.000749501983807737	0.00901505269363363
"ENSG00000169019.10"	2202.69552673873	-1.01763870099524	0.216203041693337	-4.70686579164162	2.51554399389305e-06	6.45911140552019e-05
"ENSG00000169075.7"	4.67404388789288	4.44381076220884	1.10439548160536	4.02374949574155	5.72788426169673e-05	0.00103227083796385
"ENSG00000169083.14"	1563.61610220534	0.764586753923789	0.215307104002177	3.55114503753698	0.000383558985969041	0.00518028965495389
"ENSG00000169193.10"	1116.92268398128	-0.726042393633995	0.171514352435952	-4.23312908408127	2.30462135831776e-05	0.000463036395646234
"ENSG00000169246.15"	6976.89163117869	-0.671701671861874	0.197069892215311	-3.40844389932481	0.000653345178166897	0.00803645307067446
"ENSG00000169629.10"	316.153751767164	1.07806660671319	0.277519512160598	3.88465156312802	0.000102476749208061	0.00169407078452449
"ENSG00000169668.10"	277.091844697004	-0.79589839634585	0.14796537255866	-5.37895037590854	7.49213545761334e-08	2.6377598321156e-06
"ENSG00000169851.14"	3427.05219450094	0.834501478211407	0.283791198749646	2.94054742320457	0.00327632844930895	0.0295150753776757
"ENSG00000170075.8"	113.174373505211	1.65862285111129	0.340377402781035	4.87289355156835	1.09975486275462e-06	3.07508478841671e-05
"ENSG00000170089.14"	2579.45601024395	-0.69773161276612	0.193457551542918	-3.60663932320745	0.000310188343385606	0.00435344563946135
"ENSG00000170160.15"	195.310403024806	4.6902526697069	0.855773854075686	5.48071508304352	4.23610191261133e-08	1.5526994502543e-06
"ENSG00000170236.13"	22.9888581471259	-3.11044300744235	0.633789180045311	-4.90769344976822	9.21537427828796e-07	2.63150976299537e-05
"ENSG00000170370.11"	12.9990131114615	4.86279151079244	0.949885500084964	5.11934492142209	3.06598764404055e-07	9.69860091454581e-06
"ENSG00000170417.13"	372.430076194379	-0.605167341527061	0.15803754852234	-3.82926302758686	0.000128527579128095	0.00205822389544103
"ENSG00000171016.10"	1302.24291840517	-0.590098399467993	0.210916992183884	-2.79777552940602	0.00514558590809827	0.0421952662605842
"ENSG00000171044.9"	169.828820413216	1.11228122742685	0.195991264916672	5.67515714488477	1.38561398008389e-08	5.70010653707195e-07
"ENSG00000171121.15"	455.723733065866	0.624758267728471	0.193133423295352	3.23485317594692	0.00121705297821823	0.0134512702806391
"ENSG00000171316.10"	4379.20099067886	0.597766795678359	0.131094219858857	4.55982572169809	5.11960908700861e-06	0.000122552190432484
"ENSG00000171634.15"	11075.4288100484	0.704356706482299	0.108531119886977	6.48990545030596	8.58902594269831e-11	5.12942552764111e-09
"ENSG00000171671.6"	3.23348898103924	3.70527449954097	1.07298308423182	3.45324595885283	0.00055388372973881	0.00701221660478542
"ENSG00000171794.3"	30.9826654218453	2.08902146936539	0.69093095624684	3.02348802073224	0.00249878921553384	0.0238438184153336
"ENSG00000172007.5"	1768.93347754123	-0.653173087886393	0.14454483161171	-4.51882700061535	6.21831771198767e-06	0.000145239439587208
"ENSG00000172058.14"	246.795889381637	1.4673205772253	0.536239154185294	2.7363174915017	0.00621310489298121	0.048580028732073
"ENSG00000172115.7"	7390.19168983966	-0.657960791425647	0.239927617312077	-2.74233036945401	0.00610049501698048	0.0479376012700022
"ENSG00000172139.13"	19.3723045235516	-1.43728639338822	0.444826598712718	-3.23111611928688	0.00123307834471702	0.0135936880026442
"ENSG00000172209.5"	8.1320452395313	1.69092756574002	0.585605585629765	2.88748537792989	0.00388334655198983	0.0336960111128589
"ENSG00000172216.5"	12123.4307219299	1.18210781516883	0.344699964516992	3.42938188817411	0.000604957672378022	0.00754845960224421
"ENSG00000172318.5"	96.0025205949564	1.27520248533928	0.438626091327648	2.90726546038211	0.00364603643252856	0.0319869089328044
"ENSG00000172421.6"	2.06339862727625	-3.29586433940017	1.14825325815397	-2.87032875020871	0.00410045238016566	0.0351417085278439
"ENSG00000172425.9"	73.075145884027	1.00048040669259	0.337832690705384	2.96146712327813	0.00306177179642257	0.0280416846865376
"ENSG00000172799.5"	7.47416160160315	3.42753731339344	0.86607821085218	3.95753786487817	7.57262862485801e-05	0.00131568647177558
"ENSG00000172940.10"	10.4530228664896	1.62893941295438	0.538907275756071	3.02267103495498	0.00250554450379386	0.0238801597922599
"ENSG00000172974.11"	99.9612946757073	2.14959290319632	0.352455190965158	6.09891117594242	1.06793388294581e-09	5.36102809238798e-08
"ENSG00000172986.11"	584.648382904533	0.921298771393074	0.278508036243943	3.30797912985935	0.000939718123397977	0.0109045079927166
"ENSG00000173080.5"	20.7442082253456	1.42169110380642	0.503296292742502	2.82475973756833	0.00473160812510067	0.0395019142533712
"ENSG00000173214.5"	1214.75364838037	1.4096640984989	0.153004887468925	9.21319653128859	3.16554711716389e-20	5.89506564754425e-18
"ENSG00000173258.11"	82.3730387108629	0.730324829206105	0.263169497852955	2.77511199118589	0.00551827019904767	0.0445626150046465
"ENSG00000173421.15"	207.842787838624	1.42590408063891	0.406506400331794	3.50770388725755	0.000451991849491781	0.00593708520390455
"ENSG00000173436.12"	5270.47270595374	-0.684895754426629	0.164597146708066	-4.16104269195733	3.16797850927683e-05	0.000612346203149168
"ENSG00000173457.9"	6054.77656278432	1.06541914941858	0.295383063277116	3.60690669802908	0.000309869018291597	0.0043524911012102
"ENSG00000173465.6"	2773.16170018332	-1.01127148272509	0.212160916009733	-4.76653052666261	1.8742534392555e-06	4.96713011698025e-05
"ENSG00000173480.9"	681.141415901021	0.752749485965263	0.257653867590613	2.92155321790592	0.00348290767360489	0.0309773675192424
"ENSG00000173810.9"	2.62712448093828	5.26332851227847	1.45890062284615	3.60773614724376	0.000308880366457487	0.00434741898957921
"ENSG00000173867.8"	130.33232966737	-1.58799290960934	0.215363572246873	-7.37354462057775	1.66150042165267e-13	1.46440334873296e-11
"ENSG00000173915.11"	4972.54573109341	-0.712721531199093	0.198942922604581	-3.5825427809548	0.000340265869518613	0.00469890739976509
"ENSG00000174028.6"	154.142839036352	-2.61586430971215	0.285880064770851	-9.1502158844441	5.68198842419118e-20	1.0092959745494e-17
"ENSG00000174038.11"	58.2894413830495	1.93202874966965	0.319076033932134	6.0550732245863	1.40353805021095e-09	6.86663149480324e-08
"ENSG00000174572.3"	7.85219370692275	2.09745030201741	0.694000179310315	3.02226190215372	0.00250893371336092	0.0239011127512089
"ENSG00000174611.10"	28.915226578727	0.828185029181833	0.284583710575437	2.91016315553416	0.00361240124658699	0.0317983111510241
"ENSG00000174672.14"	111.790835066011	0.822324108114539	0.294472090433354	2.79253666078976	0.0052296541171171	0.0427631631984661
"ENSG00000174715.7"	10.4018555177406	1.75664728350051	0.511579859578947	3.43376943131872	0.000595250294158428	0.00745442435552741
"ENSG00000174876.15"	371.837534604369	2.7898745671153	0.588869337601595	4.73768014221657	2.16178663834443e-06	5.65986134383782e-05
"ENSG00000174977.8"	66.3938258675726	2.99227607674669	0.538343947392136	5.55829798262239	2.72418017070011e-08	1.0380654868285e-06
"ENSG00000175206.9"	48.3395622624051	-1.0824823506027	0.260510261446223	-4.15523881705581	3.24947952555552e-05	0.000626700845246058
"ENSG00000175604.2"	38.398049656492	1.05297426708256	0.289562704322147	3.63642917877674	0.000276443601564427	0.00394701297237784
"ENSG00000176018.11"	3085.09042902085	-0.642533225747922	0.196506521191193	-3.26978067624923	0.00107630900053614	0.0121595535422605
"ENSG00000176194.16"	55.5738925250208	2.69231652224237	0.900458574402827	2.9899393473241	0.0027903284730182	0.0260375532457986
"ENSG00000176349.10"	9.33104654464658	2.83191786418821	0.582119519775337	4.86483920910462	1.14549892729127e-06	3.18697123241083e-05
"ENSG00000176383.8"	291.263536359886	1.12329749284225	0.307124973832469	3.65746060577605	0.000254726393963542	0.00368709270125749
"ENSG00000176410.7"	1937.01821987524	0.619199154240063	0.138001266506514	4.48690921406024	7.2263848724654e-06	0.00016554730106644
"ENSG00000176681.13"	371.080123450638	0.712289902737165	0.128943120074285	5.5240628761489	3.31248831328017e-08	1.24850892486832e-06
"ENSG00000176716.4"	6.25866739066105	1.9328857680295	0.575743061923609	3.35720201572479	0.00078735562237745	0.00937841267122081
"ENSG00000176826.14"	162.212686364361	0.800397125019509	0.247329920998069	3.23615162205045	0.0012115301231501	0.0134010460011986
"ENSG00000176853.14"	4497.02151575496	-0.646071373335404	0.167414694745643	-3.85910791353766	0.000113801680990741	0.001848334658206
"ENSG00000176857.5"	7.34399881598381	1.86223891415203	0.652363331508745	2.85460390584057	0.00430905335308756	0.0365557163958479
"ENSG00000176973.7"	6121.24490979787	1.02004479116501	0.271751208591992	3.75359799299552	0.000174314342553921	0.00267281991916013
"ENSG00000177144.6"	98.2245544313842	-5.02017170382976	1.55788175576625	-3.22243436335807	0.0012710628400981	0.0139282109001322
"ENSG00000177688.6"	87.4706358310101	1.43026400658068	0.332368670090336	4.30324556821779	1.68314115158129e-05	0.000349524239858948
"ENSG00000177710.5"	49.7723480155792	1.47819224293101	0.227116203624572	6.50852831872135	7.58906044332246e-11	4.6117522041369e-09
"ENSG00000177725.5"	433.341193162403	2.71078052859453	0.395479872782633	6.85440831545035	7.16082795734027e-12	5.13533662083545e-10
"ENSG00000177888.7"	1740.25870094101	-0.646548471237165	0.190821616334058	-3.38823495816794	0.000703439773367343	0.0085495651501939
"ENSG00000177917.9"	2940.18281199516	-0.825141286192506	0.140661675251528	-5.86614146829266	4.46053261271562e-09	2.02230273088015e-07
"ENSG00000177947.12"	7.02326532420995	1.91473524294224	0.572873777593057	3.34233354332789	0.000830771664547045	0.00982125218995923
"ENSG00000178021.10"	8.08766604807247	2.10519235224514	0.572618906252523	3.67642830032014	0.00023652229239454	0.00345973782261913
"ENSG00000178115.11"	16.1112037742178	1.85161407942169	0.62417873618765	2.96648054807338	0.00301229415378903	0.0276910416398472
"ENSG00000178201.4"	227.177300336319	1.06192725344796	0.357271241340751	2.9723278298662	0.00295550920260223	0.027270359019642
"ENSG00000178342.4"	38.4610272514359	1.22473321669365	0.254920690970036	4.80436959445404	1.55239839195703e-06	4.17808667448389e-05
"ENSG00000178385.12"	175.571442644552	0.740717461244	0.163571661144284	4.52839725452581	5.94327679482537e-06	0.000139757787928826
"ENSG00000178404.8"	45.8375404608534	2.7244997522327	0.289000304569888	9.4273248475897	4.2068103940611e-21	8.77804207406557e-19
"ENSG00000178464.6"	396.896666691399	1.91418799231545	0.289753667562125	6.60625975305397	3.94151075081635e-11	2.514291885576e-09
"ENSG00000178502.5"	91.5634816833966	1.33316495170344	0.333031266755507	4.00312248363807	6.25119172966705e-05	0.00111497826535637
"ENSG00000178776.4"	97.6892986640634	-0.914093488834595	0.333934547057457	-2.73734328145843	0.00619376235068818	0.0484616083811017
"ENSG00000178852.14"	371.66006637406	0.980943377838465	0.256519422970538	3.82405108540701	0.000131276696267537	0.00209836742284954
"ENSG00000179038.8"	44.2351121803979	1.48041657729474	0.323689994696231	4.57356298171664	4.79499452475576e-06	0.000115580389943278
"ENSG00000179082.3"	39.7703410164781	1.26835458071338	0.391451576883681	3.24013148908652	0.00119474591874248	0.013250852777631
"ENSG00000179101.5"	3.73383805164567	-4.18772562030532	1.13018212598016	-3.70535467164061	0.00021109513870553	0.00313950769192019
"ENSG00000179131.7"	14.9507383133519	2.91548171390395	0.580939207722634	5.01856592763477	5.20586282577417e-07	1.57899016251459e-05
"ENSG00000179157.4"	25.1030493408338	6.55636652967206	0.948979926765617	6.90885691546495	4.88574429902957e-12	3.60068959637843e-10
"ENSG00000179219.5"	27.0207689335053	1.43195613940049	0.503434181689378	2.84437607036388	0.00444984925445029	0.0375386942220285
"ENSG00000179454.12"	1731.00850317701	-0.719830978080963	0.241510549450306	-2.9805363770624	0.00287744060396088	0.0267065347374054
"ENSG00000179528.14"	112.604856049874	-0.870461508642436	0.31293867952894	-2.78157212765364	0.00540963084116936	0.0439017867614729
"ENSG00000179588.7"	1161.27619504127	1.46681906238218	0.350184629031248	4.18870201824674	2.80554496416075e-05	0.000549963024723261
"ENSG00000179611.3"	61.967135499383	1.92295266169915	0.425833645714786	4.51573679311168	6.3096996003435e-06	0.000147274511291576
"ENSG00000179673.4"	6.0297810564291	2.86068094914316	0.934957451565907	3.05969105262701	0.00221565419808587	0.0216734905713918
"ENSG00000179862.6"	1263.79585252654	1.89494981923711	0.533505866884481	3.55188187583216	0.00038248652770957	0.00517118202451369
"ENSG00000179965.10"	738.611896834996	1.01131432094878	0.331554877258625	3.05021699367106	0.0022867608205422	0.0222215792110294
"ENSG00000179967.11"	208.076732265316	-2.68547286191908	0.292196961638076	-9.19062555224441	3.905633982972e-20	7.04600780740542e-18
"ENSG00000179994.9"	5.78597382137735	-2.49003936033643	0.753071724181468	-3.30651023054002	0.000944659008523687	0.0109581710439529
"ENSG00000180071.17"	423.177103820011	2.04069879961585	0.371197584951952	5.49760796498716	3.84977614611945e-08	1.42466395458638e-06
"ENSG00000180138.7"	19.3068799583877	4.58045060676469	0.788288397353971	5.81062796577976	6.22389372047345e-09	2.73930407483811e-07
"ENSG00000180211.5"	79.7432177506362	4.37715781260445	0.521159597101236	8.3988817186728	4.50750559402389e-17	6.32109225772467e-15
"ENSG00000180447.6"	2885.47716966236	0.732232126310495	0.243841538383424	3.00290152024513	0.00267418951205917	0.0251503058155594
"ENSG00000180574.3"	44.906799602764	2.84848383304647	0.521836782748245	5.45857234908773	4.79978279053447e-08	1.75005132945824e-06
"ENSG00000180581.7"	826.879666250445	-7.44742994906246	0.26453327637152	-28.1530930672141	2.19630247962114e-174	2.53585084297057e-170
"ENSG00000180673.9"	6.87335312799128	4.3970385491012	0.975514435684488	4.50740490171827	6.56253278444257e-06	0.000152048836513392
"ENSG00000180747.14"	585.092403913099	0.652872770946929	0.149740926798605	4.36001556090951	1.30053195374755e-05	0.000277217389624047
"ENSG00000180764.13"	91.5959456909186	0.745323122586978	0.21544883875096	3.4593972606578	0.000541385770326047	0.00688924331835181
"ENSG00000180867.10"	633.970773492084	0.959210848481028	0.262825508129177	3.64961093506031	0.000262637799048401	0.00378578780001603
"ENSG00000180878.2"	3.18501583696616	2.93948291092077	0.889207010155442	3.30573519703462	0.000947275649585478	0.0109774954668256
"ENSG00000180929.5"	52.7412218653433	1.2620605527279	0.287481665689433	4.39005579608443	1.13321579975997e-05	0.000244715267282331
"ENSG00000181029.8"	4347.72206134378	0.904406352755369	0.310407114982087	2.91361347438045	0.003572719650611	0.0315291371357615
"ENSG00000181092.8"	37.4611310110522	3.65543797644718	0.944768530910016	3.86913604428188	0.000109221689298345	0.00179214631639794
"ENSG00000181201.3"	3.28781308080937	-2.78815828258313	1.01133916860927	-2.75689735859556	0.00583526652739778	0.0464028380117494
"ENSG00000181227.3"	50.9656185966966	0.94245971044863	0.332096074109803	2.83791283282987	0.00454095817289527	0.0381246858612145
"ENSG00000181260.8"	5.4144937095447	2.49531952427678	0.780507060985801	3.19704926323809	0.00138841212348897	0.0149539238598914
"ENSG00000181350.10"	1986.33283703626	1.81890104307959	0.171255766590292	10.6209623144024	2.38093842755059e-26	8.33039851045429e-24
"ENSG00000181511.5"	7.63964945781692	6.88123671025288	1.23198422626205	5.5854909207167	2.33040963497221e-08	8.97894648900639e-07
"ENSG00000181524.6"	161.269225623645	2.40649126276808	0.261510334650231	9.20227977218089	3.50434533763546e-20	6.38860598973774e-18
"ENSG00000181625.16"	1862.51497610305	2.70347232466729	0.337277444654213	8.01557402523306	1.09623818138837e-15	1.28716942803153e-13
"ENSG00000181722.14"	1881.7313846949	1.80699564445267	0.186035267025064	9.71318865153246	2.64917189396381e-22	6.2423140178992e-20
"ENSG00000182093.13"	3714.47219747332	-0.863209579815325	0.223555051707213	-3.86128415897244	0.00011279262920417	0.00183595445976224
"ENSG00000182156.8"	5.97910234816	4.06026971441127	1.3595648820936	2.98644792013077	0.00282238907577784	0.0262800840878475
"ENSG00000182257.6"	67.6506815429205	0.92564751549543	0.239777898790097	3.86043718026635	0.000113184337469195	0.00184060050763286
"ENSG00000182351.7"	3.36623796142562	4.52196994917296	1.30756386960964	3.45831668668158	0.000543562037355098	0.00690932177978197
"ENSG00000182376.2"	52.0759463942133	1.8151298308368	0.315564395205403	5.7520108681948	8.81881285727627e-09	3.76653563194002e-07
"ENSG00000182383.8"	33.692217698339	5.88666996499396	0.770608981714891	7.63898436778396	2.1894188487606e-14	2.21099387998162e-12
"ENSG00000182397.13"	47.9929446481232	1.7739677820675	0.544070099752178	3.26055003367313	0.00111196346937694	0.0125052567052852
"ENSG00000182463.14"	3409.0627761902	1.00697134486243	0.287024021271373	3.50831731923361	0.000450950821157162	0.00593015738164077
"ENSG00000182674.5"	19.2896143596616	1.38433398686427	0.491969806908445	2.81385964631341	0.00489505956068314	0.0406491656803902
"ENSG00000182712.14"	1000.78163284676	0.598409842278474	0.103729079359777	5.76896899087409	7.97579773127864e-09	3.44041944976375e-07
"ENSG00000183055.5"	193.233330636203	0.900409741425611	0.250276973956598	3.59765314080295	0.000321101439973532	0.00447577934720451
"ENSG00000183148.6"	84.4746419396577	0.741065243297197	0.271164300368347	2.73290120524915	0.00627791600059526	0.0489541770438133
"ENSG00000183153.6"	212.352324262527	1.75870111392675	0.39111545735805	4.49662901539771	6.90392942521097e-06	0.000159001534195783
"ENSG00000183199.6"	253.63304164616	3.38977500226599	0.465981919016064	7.27447753643233	3.47763737036518e-13	2.95241184398797e-11
"ENSG00000183298.5"	52.8591954854839	5.81831553356963	0.57178448481526	10.1757142561318	2.54525741601027e-24	7.40862406519023e-22
"ENSG00000183303.2"	2.6236728188617	3.77132537604875	1.29431695053557	2.9137572327151	0.00357107494543765	0.0315291371357615
"ENSG00000183354.10"	5464.9619023702	0.876442604185675	0.132632901709708	6.60803309652334	3.89459633271019e-11	2.49354949671748e-09
"ENSG00000183454.12"	49.8165100267187	1.4398058578898	0.454134437240956	3.17043971965038	0.00152208410313803	0.0161525579548085
"ENSG00000183562.3"	11.6977414328625	1.43347554035966	0.414748372638315	3.45625356222852	0.00054773980568455	0.0069547695708583
"ENSG00000183691.4"	324.743154342642	1.49786168057646	0.540292746004611	2.77231499340486	0.00556591480681655	0.0448249609575707
"ENSG00000183791.4"	13.8188371319768	3.44672201261003	1.18618950295015	2.90570941998539	0.00366421556638678	0.0320913018428585
"ENSG00000183873.14"	108.678679118324	0.725780572092001	0.253085704628341	2.86772646111252	0.00413432807345242	0.0353679564851186
"ENSG00000183878.14"	594.711624995127	25.4602036225944	3.54313958725643	7.18577493084574	6.68270530334563e-13	5.49823150349848e-11
"ENSG00000183979.7"	92.510790857629	1.66253652192706	0.596518693163816	2.78706525206997	0.00531877679445642	0.043318079145634
"ENSG00000184100.6"	20.3913366315806	1.38706557905596	0.413113415212522	3.35759025966852	0.000786250685551582	0.00936847308088604
"ENSG00000184206.10"	1041.68120109057	-0.944101741174779	0.193977748477395	-4.8670620655482	1.13269465194237e-06	3.15641812984553e-05
"ENSG00000184260.5"	61.7763155340445	0.932553035451267	0.267502735506723	3.48614392179862	0.000490037285569168	0.00634301625468791
"ENSG00000184261.4"	31.1939088267172	1.56410711145606	0.370088519278502	4.22630541067669	2.3755951611121e-05	0.000475366061181982
"ENSG00000184321.1"	10.3013634797726	1.65356080702065	0.544703904652861	3.03570580804716	0.00239973385132979	0.0231022738027686
"ENSG00000184612.8"	1.60385308324358	3.71388171409729	1.35875279597508	2.73330198480445	0.00627028134319777	0.0489166678301091
"ENSG00000184616.8"	30.1953908702327	-0.931411992567841	0.272980138741323	-3.41201377090093	0.000644848554755804	0.00795244339070002
"ENSG00000184895.7"	36.0997407379577	21.7417437225802	3.74949152588271	5.79858457406746	6.68769732031873e-09	2.91381710416604e-07
"ENSG00000184897.5"	23871.9079917207	1.28614688964837	0.469694100760952	2.73826494214998	0.00617642955619894	0.0483587628769482
"ENSG00000184956.14"	448.9386079414	1.31473677160493	0.213638593099768	6.15402279395726	7.55418198059707e-10	3.8593179269015e-08
"ENSG00000185046.17"	313.358452703146	0.626443183953725	0.21930599806091	2.85647993895606	0.00428367073423154	0.0363849403855596
"ENSG00000185551.11"	23011.0804729915	0.657489961394367	0.227652866449317	2.88812511631935	0.00387545684871674	0.0336436276505891
"ENSG00000185585.18"	14549.7650257498	1.44912747066793	0.480025581985236	3.01885467160895	0.00253732213797517	0.0240986466178185
"ENSG00000185596.15"	5006.3618029175	-0.602219148094717	0.166825502787981	-3.6098746176721	0.000306345048912555	0.00431524188866738
"ENSG00000185641.6"	147.1368005974	0.924635415549913	0.233365701963908	3.96217356607492	7.42705148978109e-05	0.0012947066406796
"ENSG00000185697.15"	414.242300353044	-0.705626505858912	0.196446441008294	-3.59195362480057	0.000328208265348004	0.00455650416638243
"ENSG00000185710.8"	64.2338608785819	-1.69626169834857	0.500921427482162	-3.38628296831838	0.000708462903315444	0.0085977286071846
"ENSG00000185758.7"	8.11935063281704	2.65745975087326	0.674209902750682	3.94159109801146	8.09428813841671e-05	0.00138739145854106
"ENSG00000185823.3"	29.207491442959	1.38904248148809	0.430950539335142	3.22320627242065	0.00126764232816406	0.0139100544478925
"ENSG00000185834.10"	68.490098920969	1.96301836043868	0.284388313910272	6.90259854017081	5.10597790878063e-12	3.73913029184659e-10
"ENSG00000185839.3"	24.6818270348704	1.56147813842329	0.555620018069593	2.8103345589462	0.00494900254628656	0.0409614217917022
"ENSG00000185864.15"	7669.73552232067	-0.699347345420919	0.147561682315475	-4.7393560065666	2.14398529350483e-06	5.61976938067906e-05
"ENSG00000185869.12"	744.248971572355	0.584126746229614	0.133132903652975	4.3875460551225	1.14636724515006e-05	0.000247401050700983
"ENSG00000185900.8"	79.3577263835041	1.70416493459019	0.166969308256415	10.2064562187268	1.85517076626546e-24	5.4922568377695e-22
"ENSG00000185986.11"	440.138575670902	-0.899839187022055	0.260077765533305	-3.45988510466045	0.000540405918691614	0.00687930180508642
"ENSG00000186075.11"	5.11885384357356	-2.17209762722226	0.78771616985373	-2.75746228190999	0.00582519332721664	0.0463419950546922
"ENSG00000186076.5"	1033.55447247376	-3.50072531757712	0.485634325425166	-7.20856235710332	5.65456764784606e-13	4.70824312947336e-11
"ENSG00000186130.4"	1503.81709553034	-0.600832657714738	0.165096144589588	-3.63928945287212	0.000273391362766043	0.003914729236664
"ENSG00000186301.8"	1134.51095263217	-0.85252472413708	0.225210557243937	-3.7854563061787	0.000153426791343384	0.00239711195243668
"ENSG00000186399.10"	168.358449658243	1.28788804948881	0.292115723051704	4.40882824119965	1.03931408176714e-05	0.000227414789414088
"ENSG00000186453.11"	167.532993439764	2.10018071483392	0.718719704244903	2.92211372866199	0.00347664566024941	0.0309493838035772
"ENSG00000186628.11"	96.9834707122839	1.54076878019276	0.408763636510437	3.76933915488694	0.000163680348949552	0.00253444788865202
"ENSG00000186790.5"	5.09138773748618	3.23323585311497	0.891221548623106	3.62786992539639	0.000285769160694287	0.00407009547209239
"ENSG00000187105.7"	40.4781052360647	-0.73895134600111	0.245246146235636	-3.01310074528598	0.00258593055892225	0.0244663924337473
"ENSG00000187229.3"	9.74383750389263	3.23806580646304	0.737127454612804	4.39281671873682	1.11891452558381e-05	0.000242231008357325
"ENSG00000187479.5"	6160.20080584293	1.67281801525507	0.484664915995132	3.45149392920339	0.000557492298119394	0.00704759789133561
"ENSG00000187504.6"	7.4340114033788	6.91169548141204	1.18226832191028	5.84613099524164	5.0313788602838e-09	2.24583635260967e-07
"ENSG00000187534.6"	74.4267924201911	-2.08999604257926	0.418253974653382	-4.99695440864918	5.82428312396178e-07	1.74215473961821e-05
"ENSG00000187690.3"	7.90501526048345	2.57836396459785	0.860859648105954	2.99510375503221	0.00274351502223117	0.025676809873019
"ENSG00000187747.2"	11.6434442647543	2.14867530589563	0.474697735667843	4.52640732080321	5.99948923107663e-06	0.00014088834439731
"ENSG00000187753.11"	69.2413951046754	1.61451737422902	0.445960709912973	3.62031304180155	0.000294246800954001	0.00417367759682419
"ENSG00000187792.4"	1073.24097453887	0.942529266970602	0.331405853042956	2.84403325504464	0.00445463982958785	0.0375608116887206
"ENSG00000187942.10"	662.414151814939	-0.828001468602659	0.272085430642119	-3.04316723849779	0.00234102191844606	0.022646113918537
"ENSG00000187944.2"	49.5943228680704	-1.11133570752069	0.364605788323993	-3.0480473517144	0.00230333629577761	0.0223231568587423
"ENSG00000187952.9"	15.6788404108905	3.62854188481642	0.974641492902738	3.72295034762954	0.000196908256717475	0.00294877137750969
"ENSG00000188033.8"	218.962416188522	0.951307913497388	0.172702660843838	5.50835701574734	3.62198261211817e-08	1.35192062196713e-06
"ENSG00000188199.9"	645.525733292922	0.615383602303103	0.157915858169422	3.89690819805369	9.74285287452609e-05	0.00162168639052299
"ENSG00000188219.13"	71.2261171923306	2.71853028608429	0.583460268903748	4.6593237465716	3.17249906034355e-06	8.00357046264967e-05
"ENSG00000188223.9"	689.653679064675	-1.70216462786987	0.143066821231085	-11.8976895776589	1.21669112708744e-32	7.02395787667577e-30
"ENSG00000188375.4"	42.4403187602574	2.49665493208273	0.45395990352575	5.49972566451811	3.80382600789263e-08	1.41218569411988e-06
"ENSG00000188459.4"	14.1233889904576	1.65405298029929	0.520905454141294	3.17534202636825	0.00149659985317207	0.0159211381186039
"ENSG00000188460.4"	156.496808320535	9.91232712129664	1.21744593750289	8.14190332067467	3.89111911464958e-16	4.86572505029719e-14
"ENSG00000188477.11"	155.407240848548	1.68024524521455	0.556145086411004	3.02123544066127	0.00251745527154904	0.0239625214882978
"ENSG00000188582.7"	28.9247503763139	5.75746531119088	1.07837450723335	5.33902208608593	9.34492610399484e-08	3.23366184205967e-06
"ENSG00000188681.10"	85.6525282327523	2.5560064868352	0.735670356108869	3.47439103072538	0.000512014281942211	0.00658953034697749
"ENSG00000188732.9"	1111.82666134231	-0.635643399228835	0.193814248945707	-3.27965256778874	0.00103934995533061	0.0118074790924046
"ENSG00000188856.6"	54.8716265531593	5.8158465940024	0.617137523826952	9.42390694044589	4.34608523921402e-21	9.0143533243051e-19
"ENSG00000188873.4"	15.1614566411392	3.91313454780368	0.605798973729564	6.45946050999841	1.05076901168743e-10	6.21101314451011e-09
"ENSG00000188916.7"	119.341062222083	1.5351135900978	0.406106313955067	3.78007811586905	0.000156779162905131	0.00244302587749262
"ENSG00000188985.6"	6.15612970087761	-2.54731120014559	0.814067294065486	-3.12911625207814	0.00175332925615793	0.0180841149913087
"ENSG00000188992.10"	1.46218609950669	-3.57084137482275	1.21819877596672	-2.93124689112338	0.00337604353145156	0.0302325221929729
"ENSG00000189051.5"	12.7126577011288	1.33599588320292	0.461511200958035	2.89482872881433	0.0037936545887521	0.0330338569631695
"ENSG00000189089.5"	9.6702612660325	2.5669754989357	0.569317102760466	4.50886770569358	6.51745319478266e-06	0.000151308005201663
"ENSG00000189136.7"	248.697726559093	1.18938191143846	0.274098413194093	4.33925135712568	1.42968923772882e-05	0.000301043014081768
"ENSG00000189144.12"	127.186643760836	1.25923280346921	0.182404591075325	6.90351485149404	5.07313498134709e-12	3.72295020093009e-10
"ENSG00000189169.7"	1.47430902415541	4.43517140325117	1.4798390288019	2.99706340820187	0.00272594007751721	0.0255468377719267
"ENSG00000189343.7"	189.736061457048	1.19356513426939	0.180137977528309	6.62583843033222	3.45282678103119e-11	2.2354955895581e-09
"ENSG00000189398.5"	40.29249588865	2.74841528055317	0.547737624708097	5.01775878919741	5.22777556455635e-07	1.5842492563876e-05
"ENSG00000196081.8"	88.5018991763891	1.33405290564027	0.175944049271301	7.58225646826623	3.39596125173091e-14	3.30419398419818e-12
"ENSG00000196110.6"	97.218320903136	1.54295501171349	0.433973887688859	3.55540979649846	0.000377390408843848	0.00511643542561875
"ENSG00000196183.5"	30.3009800370659	3.38844574859735	0.577286693664809	5.86960653308387	4.36830589240156e-09	1.98568739502631e-07
"ENSG00000196205.8"	3553.67163744951	1.19543940648775	0.295198927839245	4.04960619348435	5.13038933953493e-05	0.000936282539213967
"ENSG00000196296.12"	527.762443437835	1.98438554558444	0.628433829907132	3.15766823991268	0.00159036437734806	0.0167437815509368
"ENSG00000196312.10"	405.702245012245	0.730017430112356	0.264540641054148	2.75956627005728	0.00578781469158258	0.0461187773837215
"ENSG00000196358.9"	555.657221460144	0.853424250905105	0.30452302369592	2.80249499872722	0.00507090026438769	0.0417171586897076
"ENSG00000196376.9"	244.717953384145	1.23667196612883	0.429988046841954	2.87606126545044	0.00402671547085922	0.0346958633033885
"ENSG00000196407.10"	61.1588460012175	-2.13086963717491	0.309493061652022	-6.88503201267482	5.77745412126758e-12	4.18659949482148e-10
"ENSG00000196604.10"	97.9197403465208	6.75791686706394	0.917121040933152	7.36862046059689	1.72402711292249e-13	1.51565612023881e-11
"ENSG00000196656.7"	977.024722255194	-5.28988625936752	0.549929440976825	-9.61920905702237	6.63392964884871e-22	1.48249067856014e-19
"ENSG00000196689.9"	518.578200515046	-1.15557109223409	0.3144574571176	-3.67480899586977	0.000238027417129991	0.0034744178990934
"ENSG00000196796.5"	9.13351941236869	-3.29950518052872	1.16704848833881	-2.82722201647789	0.00469537619490046	0.0392277956196243
"ENSG00000196834.10"	184.645411286886	3.81961075014885	0.594515975626346	6.4247403042866	1.32094833933906e-10	7.61314618602767e-09
"ENSG00000196912.11"	2392.69277130842	0.755766441871365	0.148006157500159	5.10631756567665	3.28497452928652e-07	1.03346909850524e-05
"ENSG00000196935.7"	2831.55296986951	0.807976889717306	0.269240308959369	3.00095068543112	0.00269138148222552	0.0252639760925007
"ENSG00000196975.13"	15953.5125532717	-0.601881268249884	0.194651339031259	-3.09209929531092	0.00198746356487576	0.0198276967051172
"ENSG00000196979.1"	6.21539212097774	2.88566338628519	0.989504960150971	2.91626975355931	0.00354244077900506	0.0313264608936496
"ENSG00000197013.8"	1169.80905438801	0.612631319538034	0.124627789662412	4.91568791517134	8.84712404992998e-07	2.54312599868444e-05
"ENSG00000197061.4"	57.6900129450698	3.09050245161199	0.493042749324975	6.26822411615058	3.65188929295137e-10	1.96114947797286e-08
"ENSG00000197182.11"	1930.13377180876	1.16850872537393	0.406324840891309	2.87579937965571	0.00403005767184861	0.0347160252766705
"ENSG00000197223.10"	2459.28213295389	-0.808044527132231	0.130603728600166	-6.18699432085893	6.13221733893628e-10	3.17500365001607e-08
"ENSG00000197301.6"	92.8977176888584	1.405850208445	0.342431090350328	4.10549815148715	4.03444510336124e-05	0.000757836819361315
"ENSG00000197320.5"	49.1398435893022	-1.53521675610108	0.417014783118035	-3.68144444334133	0.000231916328468075	0.00341253941609056
"ENSG00000197358.9"	5.71721056474765	2.87250639222994	0.921252879881539	3.11804332443369	0.00182056039347045	0.0185747883902408
"ENSG00000197576.12"	1011.23755353659	1.26505395286162	0.406737067730608	3.11024997038012	0.00186929077046006	0.0189584095378239
"ENSG00000197616.10"	37.635120130525	3.96630798671495	1.12101920912223	3.538126692602	0.000402976654310152	0.00538722707525861
"ENSG00000197714.7"	101.333474352818	0.939224778717587	0.198358207651525	4.73499327220991	2.19062365608976e-06	5.72318843817631e-05
"ENSG00000197776.6"	703.440403119488	-0.76464609414266	0.150129720612167	-5.09323597635932	3.52003126010775e-07	1.10042276884126e-05
"ENSG00000197815.4"	265.550264061104	1.67994882804415	0.371184666515683	4.52591116926748	6.01358376089753e-06	0.00014112365468155
"ENSG00000197882.3"	4.83773133990496	2.88815635539785	1.03107235466994	2.80111899258747	0.00509257372389522	0.0418497197267574
"ENSG00000197893.12"	20.7227671106499	1.4863972705839	0.530075457435567	2.80412392185613	0.00504535091482483	0.0415899250327707
"ENSG00000197915.5"	52.991460264708	1.36299446322382	0.492124652609293	2.76961224355881	0.00561230629452025	0.0451041915149866
"ENSG00000198134.3"	10.0799605448269	2.30483540718122	0.83934818531534	2.74598247485971	0.00603299862490565	0.047547441722294
"ENSG00000198225.5"	67.6787870288667	1.20168233229076	0.313236690276761	3.83633964216968	0.000124881672439122	0.00200643632347373
"ENSG00000198237.8"	131.340045648023	1.43623702474623	0.255948812174811	5.61142289562684	2.00669696923195e-08	7.90761884189492e-07
"ENSG00000198406.7"	45.7898075144815	1.32245731975509	0.432145948050945	3.06020992611318	0.00221181900289287	0.0216420866164416
"ENSG00000198417.6"	455.497428721915	-0.706271412308868	0.226587441711774	-3.11699274669981	0.00182706067320366	0.0186134492936554
"ENSG00000198618.5"	333.350472531617	1.95118843769217	0.342601684573804	5.69520970137507	1.23220376642341e-08	5.10539163413564e-07
"ENSG00000198658.4"	70.4713549745153	2.0078013154641	0.333721008914362	6.0164067044977	1.78331197707188e-09	8.61511300722677e-08
"ENSG00000198692.8"	708.031117407747	26.1675996979218	3.51498898274725	7.4445751683323	9.72568838753712e-14	8.98342384980029e-12
"ENSG00000198707.13"	3819.47099136995	0.961139935962973	0.14619803079759	6.57423311873238	4.8904560670439e-11	3.08553036885732e-09
"ENSG00000198727.2"	382014.422418669	0.670888523239273	0.169523534614596	3.95749489747548	7.57399048651915e-05	0.00131568647177558
"ENSG00000198744.5"	20.437095887805	-1.08860533246819	0.318702978345955	-3.41573630129837	0.000636098129074712	0.00786337151851887
"ENSG00000198763.3"	330749.390523655	0.658076659930645	0.151840276360355	4.33400594167033	1.4642021993658e-05	0.000307935857811977
"ENSG00000198768.9"	28.1840338301267	1.20699907414301	0.346066261459049	3.48776869797762	0.000487069241805041	0.00632113315760322
"ENSG00000198786.2"	365535.885144047	0.744373605891785	0.200116406428613	3.71970304272541	0.000199457148774876	0.00298178537732592
"ENSG00000198865.8"	2857.78130505292	-1.70225754891571	0.349864500692791	-4.86547662179202	1.14181307846409e-06	3.17927020995493e-05
"ENSG00000198868.3"	7.03915218640675	1.80144006129518	0.580988336365947	3.10064754924874	0.0019309798179529	0.0194129315610971
"ENSG00000198883.10"	11.5408126941459	-1.13285544104757	0.401329439213993	-2.82275689335495	0.00476126600508408	0.0397016687251089
"ENSG00000198888.2"	302196.158752487	0.807699044470766	0.151315421420297	5.33785014699382	9.40551433100292e-08	3.24813764104964e-06
"ENSG00000198918.7"	33022.4537800398	0.621238325625041	0.219722111393303	2.82738192203616	0.00469303192544096	0.0392271331644362
"ENSG00000199053.2"	3.54197585442955	-5.12060335493585	1.07066386279835	-4.78264330464308	1.73004965160492e-06	4.61319937123105e-05
"ENSG00000199133.2"	2.56720502512932	-4.64621455686783	1.13607768224857	-4.08969794008438	4.31935324042009e-05	0.000803942813227679
"ENSG00000199266.1"	2.26319452783359	-4.65597449192604	1.26573408117065	-3.67847762116024	0.000234630273571477	0.00344078044706555
"ENSG00000199477.1"	9.37718844270933	-4.40440984347393	0.767323440718914	-5.73996519557306	9.46960108375818e-09	4.01970640121588e-07
"ENSG00000199804.1"	4.29589074381834	-3.16991137355755	0.776575374341654	-4.0819107562416	4.46669495300649e-05	0.000827365667284699
"ENSG00000199906.1"	1.75501599698683	-3.53484793044532	1.21517114053811	-2.90893011899543	0.00362667915447601	0.0318753901427912
"ENSG00000200091.1"	2.99647786714471	4.24104840003647	1.21610127050589	3.48741383871115	0.000487716042909828	0.00632478783014251
"ENSG00000200385.1"	4.70065284576291	-2.75341808870471	0.774695622082785	-3.55419342799704	0.000379140253776434	0.00513440674709068
"ENSG00000200463.1"	7.45068925042043	-6.54529200956873	0.934925937744967	-7.00086685513926	2.54383608326419e-12	1.92808302521017e-10
"ENSG00000200534.1"	4.76540774527527	-5.55139565650405	1.02732163583302	-5.40375619754433	6.52596324085627e-08	2.33277930584912e-06
"ENSG00000200737.1"	1.15842423909025	-3.8417189485024	1.308814940115	-2.93526520117874	0.00333262723104323	0.0299350129196559
"ENSG00000201302.1"	3.80929484939314	-3.02818797688753	0.96182543888025	-3.14837584293146	0.00164180450885693	0.017197097706041
"ENSG00000201581.1"	14.1344344797221	1.20370557918206	0.406454124245039	2.96147955545503	0.00306164819157315	0.0280416846865376
"ENSG00000201772.1"	3.21986604834348	-5.26600578749585	1.04845527689855	-5.02263272790549	5.09679513668154e-07	1.54862096442434e-05
"ENSG00000202000.1"	4.30051166790126	-3.34355368711448	0.939904561649493	-3.55733318417637	0.000374638858043932	0.00508715649218421
"ENSG00000202198.1"	1223.06272986565	2.01117659802264	0.383231475790287	5.24794210568236	1.53807612649537e-07	5.10305372313666e-06
"ENSG00000202343.1"	4.73626494374357	-3.15142981619266	0.808608756749107	-3.89734811784938	9.72517758776458e-05	0.00161952260233168
"ENSG00000202363.1"	9.13834221204649	-6.37454590621816	0.941992112986153	-6.76709052903914	1.31397866603914e-11	9.12490911213597e-10
"ENSG00000202538.1"	15.6727335677099	6.67995780169004	1.14984433752264	5.80944531681754	6.26801624059128e-09	2.75522267184773e-07
"ENSG00000203397.2"	5.1381050696718	2.74673202996736	0.7344163405129	3.74002031061715	0.000184005386079082	0.00278931228140361
"ENSG00000203489.3"	15.2696183133882	2.00244776305297	0.509630349246319	3.92921607987897	8.52232341837365e-05	0.00144633139914565
"ENSG00000203506.4"	38.48814866525	1.83340214045972	0.294585261640495	6.22367232579736	4.85650841960398e-10	2.54347946634676e-08
"ENSG00000203527.2"	9.84551664815583	2.44532091645898	0.679269453937124	3.59992769038209	0.0003183056846235	0.00444217256405673
"ENSG00000203546.6"	104.235167784433	-1.65658572430501	0.277897440888613	-5.96114062442555	2.50483286075032e-09	1.18204905491375e-07
"ENSG00000203588.3"	36.5197122043414	-1.38628151391896	0.257724853711118	-5.37892055794059	7.49337627692635e-08	2.6377598321156e-06
"ENSG00000203589.2"	46.8017400366725	1.51796107527241	0.295164679573262	5.14275989073972	2.70731542178322e-07	8.65890965648451e-06
"ENSG00000203647.2"	18.7514026533701	1.45093008616518	0.344549759876428	4.21109010984525	2.54141340843943e-05	0.00050360113067234
"ENSG00000203648.3"	7.39582334170055	3.87844889470613	0.868193517343965	4.46726313572501	7.92266557350988e-06	0.000179329040358482
"ENSG00000203722.6"	89.3072845058445	-0.598638353327592	0.202119382083242	-2.96180577615781	0.0030584064224821	0.0280256829793479
"ENSG00000203730.2"	18.5029383826061	1.41335293918294	0.355256524105175	3.97840108001653	6.93802651155872e-05	0.00122237722435082
"ENSG00000203804.4"	178.6872466962	1.85727381707794	0.297344626478369	6.24619936494145	4.20560316526443e-10	2.22402568608289e-08
"ENSG00000203883.6"	4751.58063081462	1.65721600981571	0.604410899732843	2.74186982820498	0.00610905462720926	0.0479504722812768
"ENSG00000203914.4"	19.6794454913838	3.45565190816413	0.70326646870322	4.91371629666367	8.9366039872915e-07	2.56617163219053e-05
"ENSG00000203930.9"	132.01609655988	1.05995890882077	0.303696523690663	3.49019111559018	0.000482675231504675	0.0062805802662881
"ENSG00000203995.8"	54.5679073935386	1.15915265442388	0.275365803569048	4.20950110507539	2.55935190788717e-05	0.000506286872560799
"ENSG00000204055.4"	89.5158707915008	-0.992040244333824	0.242894736335644	-4.08423936763691	4.42214287511638e-05	0.000820869158136556
"ENSG00000204110.6"	7.49285833918262	-2.82471447069919	0.713554803970509	-3.95865104541561	7.53742671710233e-05	0.00131064953125999
